,0
0,0.05584262611268746
1,0.0046956719669436426
2,0.003318193466811267
3,0.0029165779064287806
4,0.0025710315108789525
5,0.002476839971143757
6,0.0023884948601948807
7,0.0023985493870834424
8,0.0023654334846266575
9,0.0023254898182529914
10,0.0023117760756233485
11,0.0022310737357336846
12,0.0020888383565979755
13,0.002010373128150018
14,0.001937870758080141
15,0.0019338206715667169
16,0.0019265937204780816
17,0.0019229095555387656
18,0.0019374882037072098
19,0.001945214138760538
20,0.0019200071321441353
21,0.0018717720155571557
22,0.0018683706081978324
23,0.001857226632986358
24,0.001852178578543548
25,0.001848976764770102
26,0.0018150292223721623
27,0.001798596017134943
28,0.0017475998559433293
29,0.0017030988026921349
30,0.0016983584550275524
31,0.0016886698497130988
32,0.001667255121228362
33,0.0016465140210959609
34,0.0016333242116292454
35,0.0016233944307318569
36,0.0016252074058035744
37,0.0016338730939904076
38,0.0016433621057189841
39,0.001667463031213651
40,0.0016946160752923558
41,0.0017223928493269268
42,0.0017685405496616078
43,0.0018133992080874989
44,0.0018460660249760602
45,0.00189054212902902
46,0.0019333300040014355
47,0.002000617991640272
48,0.002057626909606435
49,0.0021099204291062505
50,0.002169715340875282
51,0.0022343670299006576
52,0.002271599550066159
53,0.0023199427798454887
54,0.0023795879964251124
55,0.0024279229098050307
56,0.0024664943702757914
57,0.002514529893276894
58,0.0025537001345052857
59,0.002577925805991126
60,0.0026133370346854983
61,0.0026514510931886235
62,0.0026995614637844298
63,0.0027241780060426124
64,0.002739762938539854
65,0.0027616932837881067
66,0.0027897860810003165
67,0.0028163486607208016
68,0.0028453562618682817
69,0.002862629423446067
70,0.002900627052357431
71,0.0029124779215188874
72,0.0029424585413975186
73,0.002971000424177952
74,0.002994693846101453
75,0.003019842637921975
76,0.003054663402258127
77,0.003099131189911675
78,0.0031280805762632746
79,0.0031774300903714015
80,0.0032190120874291427
81,0.003263721050665626
82,0.0033090371110591522
83,0.0033384771649760327
84,0.0033737303820815857
85,0.003425782725998466
86,0.0034384985006987233
87,0.0034799058533688215
88,0.003523043017116522
89,0.003549946569212881
90,0.003605250625299676
91,0.003646358587590959
92,0.0036842314705111496
93,0.0037203662259543266
94,0.003760235044733289
95,0.0038040874188303825
96,0.0038478732617321836
97,0.0038984037045567506
98,0.003944193799716735
99,0.003983505419735123
100,0.004027374426631041
101,0.004078595130606766
102,0.004118913034953951
103,0.004171181605255532
104,0.004212713703916804
105,0.00426302792035667
106,0.0043149305690841425
107,0.00435982249310768
108,0.0044087645036446415
109,0.0044445582867119445
110,0.004495712459492378
111,0.004543714716895834
112,0.0045878997469693894
113,0.004630388231562989
114,0.004675878936344158
115,0.004729569610945113
116,0.004762552451011314
117,0.004812026711110614
118,0.0048639958910333785
119,0.0049194496423095825
120,0.004957297576031538
121,0.0049808912011621
122,0.00502434438808744
123,0.005073003641044408
124,0.005111974288686923
125,0.005145397897921936
126,0.005184010940389754
127,0.005227372646921566
128,0.005263723628749444
129,0.0053183623728833155
130,0.005346114197719651
131,0.0053943243651083965
132,0.005450360264343409
133,0.005495110809576949
134,0.005534322632802399
135,0.005592204772706774
136,0.005643816347454843
137,0.005708226860897283
138,0.005734498366638365
139,0.005768204733453369
140,0.005819383855432037
141,0.005869498478286027
142,0.005899853336138177
143,0.00595218843763505
144,0.006005654569451894
145,0.006044650166292643
146,0.00609496438273251
147,0.006156938191147368
148,0.0062076765439572235
149,0.006289127359793927
150,0.00634608637936362
151,0.006404276226046223
152,0.0064553139692348945
153,0.00651797803880091
154,0.00654687752675604
155,0.006592218536347801
156,0.006645967425744637
157,0.006718960463379796
158,0.006766497002416205
159,0.006826716050555226
160,0.006869470659929995
161,0.006909564021493069
162,0.006939661070963462
163,0.0069628804581205045
164,0.007006932425803475
165,0.007055317237579863
166,0.00710531543084209
167,0.00716466957344231
168,0.0071965879143838325
169,0.007251550998094754
170,0.007300825664608178
171,0.007355397877546757
172,0.0074082153302095
173,0.007458163625075258
174,0.007510764851353301
175,0.0075770964530598095
176,0.00761529367555705
177,0.0076414570681057805
178,0.007673541737035534
179,0.007699430688403683
180,0.007712096564707472
181,0.0077265837324823885
182,0.007756955223133363
183,0.007759233916572126
184,0.007752921769418762
185,0.007741137431452598
186,0.007690249383453334
187,0.007660451724361757
188,0.0076014136049391764
189,0.007501242574027078
190,0.007382567554424285
191,0.007261372665799793
192,0.007140635179142936
193,0.006972186509062027
194,0.006761931299139265
195,0.006533030721735812
196,0.006262689526064615
197,0.006012465700569952
198,0.005711129284291914
199,0.005406616003438665
200,0.0050839979210664755
201,0.004786561896112453
202,0.0045258926729568865
203,0.0043091423550937055
204,0.004141774816936297
205,0.003887791978907615
206,0.00367999010681126
207,0.003502002526605305
208,0.0033403816204412773
209,0.0031969653125891286
210,0.00304603097966894
211,0.0029102241772783577
212,0.002760504038672255
213,0.0026101684865096984
214,0.002472981161816799
215,0.002355877941702789
216,0.0022252356233467777
217,0.0020780187209635515
218,0.001929712370257412
219,0.0017963838548914711
220,0.0016842455252261551
221,0.0015652877480433695
222,0.0014470534976093886
223,0.0013215673468885377
224,0.0012173878114600733
225,0.0011163934570062317
226,0.0010179688699705587
227,0.000933657212736283
228,0.0008295358921036993
229,0.0007372072258366911
230,0.0006559061051893958
231,0.0005733076262338989
232,0.0004945097418094797
233,0.0004208014938249279
234,0.0003591852905847672
235,0.00031381933179477174
236,0.0002643700208937061
237,0.00021943651487311107
238,0.00018517294929753245
239,0.00015275562439131754
240,0.00011955655794041707
241,9.701911553512143e-05
242,7.152935133872616e-05
243,5.5453751276203465e-05
244,4.580672795880754e-05
245,3.2966207267377106e-05
246,2.2088356837072046e-05
247,1.7264845178374084e-05
248,1.5734627686649214e-05
249,1.3855121419639319e-05
250,1.4187777396101246e-05
251,1.4071347804339572e-05
252,1.3489199845531197e-05
253,1.3555731040823582e-05
254,1.412956260022041e-05
255,7.742567852151383e-05
