,0
0,0.0
1,1.8108543682343425e-05
2,1.632269124818727e-05
3,1.2250947698311233e-05
4,1.4572555862714238e-05
5,1.471542405744673e-05
6,1.7144183367899102e-05
7,2.043015184674643e-05
8,2.2858911157198804e-05
9,2.9645150406992198e-05
10,3.5431312293658144e-05
11,4.164607876452157e-05
12,5.128968190896482e-05
13,5.6397219870651426e-05
14,6.729091971900397e-05
15,7.8898960541019e-05
16,9.12570593853796e-05
17,0.00010540101066389636
18,0.00012175941896076675
19,0.00014497550060479678
20,0.00016347693182265456
21,0.00018308559154968916
22,0.000203051421763555
23,0.00023098215383375727
24,0.0002561626731553591
25,0.00029380844246737085
26,0.00032513229416246983
27,0.00036481393524941965
28,0.00039445908565641187
29,0.00044149843877208504
30,0.0004956097675270166
31,0.0005481852631885738
32,0.0006057611456657683
33,0.000666587279573127
34,0.0007321637809553411
35,0.000798883227895415
36,0.0008830325945928531
37,0.0009698964569902086
38,0.0010627965006150119
39,0.0011656973178710895
40,0.0012671337361311592
41,0.0013446397317735364
42,0.0014618988026002297
43,0.0015713001227166358
44,0.0016747366957029605
45,0.0017801019893181737
46,0.0018755379433994786
47,0.0019920112391551433
48,0.002109984650955499
49,0.0022284581014374184
50,0.0023593610848610647
51,0.0024928714128385787
52,0.0026067016469916923
53,0.002754284492150357
54,0.002880401391050465
55,0.0030259483644341917
56,0.003140421505463601
57,0.00328507555263025
58,0.0034410876212781316
59,0.0035952424033944912
60,0.0037161803302355463
61,0.0038612986990350755
62,0.004009988772702917
63,0.00414085603907788
64,0.004284795745270866
65,0.004428985470804635
66,0.00458378315979729
67,0.004714257538636739
68,0.004865519239809765
69,0.004973098990443332
70,0.005118360227437594
71,0.005252799198680869
72,0.0053770230940007714
73,0.005561394499303054
74,0.005684832619551927
75,0.005847595210400919
76,0.006007893324890775
77,0.006178942271034252
78,0.0062975943067595875
79,0.006476643871808084
80,0.0066113328623921405
81,0.006767416365137389
82,0.006905534192395026
83,0.0070587603312456245
84,0.007181912715105033
85,0.007335710326734561
86,0.0074331464355421204
87,0.007584729590153295
88,0.00771081077200472
89,0.007812175756167423
90,0.00797979586563732
91,0.008100912377721791
92,0.008223207552412804
93,0.008321465153340077
94,0.00848037030293129
95,0.0085836282906742
96,0.008699208660212787
97,0.008835183464549437
98,0.008964372029636293
99,0.009069951625543604
100,0.009212355498643217
101,0.009325578542968716
102,0.009416406997769898
103,0.009546309903830418
104,0.00963599541307374
105,0.009720930554842206
106,0.009818688117087915
107,0.009957413134173166
108,0.010018560721518672
109,0.01011221082316582
110,0.010153464014394828
111,0.01020061051865655
112,0.010275294867452961
113,0.010349800631005955
114,0.010426485134528622
115,0.010464130903840633
116,0.010498097817138284
117,0.010551423370822186
118,0.010600820049150946
119,0.010624393301281806
120,0.010624536169476539
121,0.010605820435966582
122,0.010550959049189306
123,0.010588319082111853
124,0.010574782320660949
125,0.010523671223995399
126,0.010518956573569226
127,0.010455165924621168
128,0.010400197386697842
129,0.010382838901037845
130,0.010303832789350776
131,0.010218397608900746
132,0.0101920384269726
133,0.01011849702373405
134,0.010067421644117185
135,0.009973485806080571
136,0.009857298246714372
137,0.009836153753893961
138,0.009697893058441593
139,0.009553131860128895
140,0.009459338890287014
141,0.00934758024495752
142,0.00918746071571108
143,0.009057700677845294
144,0.008904581690140745
145,0.008782072213157632
146,0.008634275065706869
147,0.00849522859518347
148,0.008294677366827733
149,0.008179847055311494
150,0.007989260883538348
151,0.007858179314871287
152,0.0076739150607150535
153,0.007515295647513304
154,0.0073014219599987626
155,0.007114907531775494
156,0.006956538137914526
157,0.0067660948343361135
158,0.006537041401131245
159,0.00634474081102131
160,0.006117901834834794
161,0.005930244461053666
162,0.005691547424704354
163,0.005480745403376561
164,0.005305017523855596
165,0.005109609550510229
166,0.004906308109405892
167,0.004701435118159497
168,0.0045122061942363114
169,0.004318941243811932
170,0.004113889667322122
171,0.003919267469047784
172,0.003725466762893158
173,0.0035546678360904634
174,0.0033548309487083892
175,0.0031871751221898095
176,0.003034556173166824
177,0.0028476488574080408
178,0.002716888742179127
179,0.0025693058970204623
180,0.0024169726843869424
181,0.0022834980734581112
182,0.002186633437429481
183,0.0020477655521494984
184,0.0019286491947912829
185,0.001806604039441051
186,0.0016962026419615175
187,0.0015733002774428908
188,0.0014560769236648806
189,0.0013364962446737844
190,0.0012228445957640866
191,0.001125729940394675
192,0.001017900170420326
193,0.0009398227019990189
194,0.0008607451562145843
195,0.0007643091247701519
196,0.000694732313935428
197,0.0006174049035364665
198,0.0005522212896897667
199,0.000490216493175865
200,0.0004288188864895763
201,0.00039031590800916955
202,0.00035463457637472957
203,0.0003005946817171643
204,0.0002730211201337932
205,0.0002450903880635909
206,0.000217266807139438
207,0.00019451504712828858
208,0.00017165613597108976
209,0.00014865435661915846
210,0.00013301028929595053
211,0.0001167590321451295
212,0.00010657967327043942
213,9.390012098793071e-05
214,8.189919263040133e-05
215,7.664878647398224e-05
216,6.6719446940074e-05
217,5.7575882477194486e-05
218,5.182543763921166e-05
219,4.5360651827566375e-05
220,3.971735813563292e-05
221,3.58241998291725e-05
222,3.118098350036649e-05
223,2.7716429778103548e-05
224,2.3251798692713157e-05
225,2.0715888236211417e-05
226,1.803710958497718e-05
227,1.6501276491602888e-05
228,1.2500967039093095e-05
229,1.1036568043085047e-05
230,9.536451998393876e-06
231,8.357789391850812e-06
232,7.393429077406488e-06
233,5.286123205102224e-06
234,5.214689107735977e-06
235,3.4288366735798204e-06
236,3.357402576213574e-06
237,3.357402576213574e-06
238,2.3573252130861265e-06
239,2.178739969670511e-06
240,1.8572865315224029e-06
241,2.0358717749380184e-06
242,1.928720628888649e-06
243,1.642984239423664e-06
244,1.4643989960080484e-06
245,1.107228509176817e-06
246,1.1786626065430632e-06
247,6.071898276130932e-07
248,4.2860458419747754e-07
249,3.571704868312313e-07
250,2.1430229209873877e-07
251,5.000386815637238e-07
252,4.2860458419747754e-07
253,2.1430229209873877e-07
254,2.8573638946498503e-07
255,1.5001160446911715e-06
