,0
0,0.03387642249953234
1,0.004997050006833374
2,0.003769395593771959
3,0.0036671671515760827
4,0.0033939144809189406
5,0.0033386023834157206
6,0.0030265810894862665
7,0.002733013989479641
8,0.0026467396725918923
9,0.002507825631807946
10,0.0023668329562758677
11,0.002277089492377113
12,0.002325436956241661
13,0.0022221285897627008
14,0.002156187359452903
15,0.002061020129490121
16,0.0020798189333975925
17,0.001950625308645433
18,0.0018438708423200447
19,0.0018308678515619313
20,0.0017668691679808527
21,0.0016900002892089908
22,0.0016755497170185725
23,0.001585501152560166
24,0.0015875962495687107
25,0.0015534601063765807
26,0.001570386602533095
27,0.0015872263974514348
28,0.001610533665743978
29,0.001638744492671502
30,0.0016873070634054453
31,0.0017410113468083418
32,0.0017894345370707892
33,0.001841161154256086
34,0.0018842198425919924
35,0.001939005147762001
36,0.001995069021824076
37,0.00204911572024356
38,0.0021056185879166447
39,0.0021617000217231596
40,0.0022143276732950546
41,0.0022690251797428613
42,0.0023269898961406086
43,0.002385744801038174
44,0.00244296981320137
45,0.002499109413661344
46,0.002551527445783982
47,0.0026075847349418912
48,0.0026588613836759033
49,0.002711119183130522
50,0.0027607759454399074
51,0.002812008694812818
52,0.0028582895962535374
53,0.002904116139306861
54,0.0029474151766447952
55,0.002991088456036116
56,0.0030391736212180853
57,0.003074056053548932
58,0.003113031003818419
59,0.003148636678123405
60,0.003182230664205938
61,0.003213558345771632
62,0.0032448739550130236
63,0.003276679042130691
64,0.003308626802171937
65,0.00334778503227402
66,0.0033832875430804183
67,0.003416544601566501
68,0.0034506895246308516
69,0.0034801569707698914
70,0.003509433454688142
71,0.003539250998231962
72,0.003572100890143833
73,0.003602717402059691
74,0.003636152252958233
75,0.003665956626693723
76,0.003697575141526711
77,0.0037238247644970483
78,0.0037536258457804557
79,0.0037830120781014586
80,0.0038073575662840404
81,0.0038306022779870147
82,0.003854156480185751
83,0.0038730529601716723
84,0.003897211876069575
85,0.0039238028165724725
86,0.0039512618669411415
87,0.003976754225932487
88,0.004003805012242917
89,0.004024367472982621
90,0.00404384561950313
91,0.0040640832249706875
92,0.004081421277637523
93,0.004101273666211418
94,0.004126493849163937
95,0.004147870643052064
96,0.00416792277371897
97,0.004191413321844109
98,0.004201840517589622
99,0.004222439195302234
100,0.00424371941059594
101,0.00425751258985387
102,0.004282416697406462
103,0.004312594215711311
104,0.004333710905884915
105,0.004355274272057721
106,0.004381685225180104
107,0.0044077460808977075
108,0.004436747096325049
109,0.004459450748402454
110,0.004486424710830958
111,0.00450992294134429
112,0.004541759855498755
113,0.004568675651273801
114,0.0045983582042822355
115,0.0046264647702271445
116,0.004661169410145532
117,0.004690585274535278
118,0.004731991151925732
119,0.004761791135725112
120,0.0047969226969302075
121,0.004832218880739431
122,0.0048630790341093995
123,0.004894869853934709
124,0.004919443618795016
125,0.004943417059892267
126,0.004960011018388441
127,0.004993909007546598
128,0.005026650248539745
129,0.005068416100691227
130,0.005113525986674577
131,0.005143388527063526
132,0.005181796078090783
133,0.005207165518871045
134,0.005227043149577573
135,0.005245705865465631
136,0.005269918558080883
137,0.005291801292105699
138,0.005306265034104448
139,0.005317983968550357
140,0.005348877046441151
141,0.00537648754960562
142,0.0054182797413737625
143,0.0054578056286250665
144,0.0054804851360538654
145,0.005490267011191194
146,0.005486884565418362
147,0.0054815496955605645
148,0.005474211917352534
149,0.005451701422463974
150,0.005424807576369479
151,0.005400195399568209
152,0.0053735660471243485
153,0.0053583527235348
154,0.0053446297832546305
155,0.005344083236208923
156,0.005343575101104179
157,0.0053404834885986425
158,0.0053353011690206705
159,0.005332221628839436
160,0.005321763703541153
161,0.005321064606215619
162,0.005320095527819315
163,0.005326352284260234
164,0.005325692696359691
165,0.005332517949526868
166,0.00532452716832246
167,0.00531664394055275
168,0.005295584319548577
169,0.0052947590115598785
170,0.00530314708198225
171,0.005317633871145577
172,0.0053260823031894625
173,0.0053253919857361495
174,0.005320364411406059
175,0.005315183189312114
176,0.005304780138215207
177,0.005295398844747925
178,0.0052832628663715565
179,0.005278024575108181
180,0.0052713211426680595
181,0.005261485490813383
182,0.005239438134184438
183,0.005221883877164179
184,0.0052113304707555015
185,0.0052046325257355175
186,0.005196454074762403
187,0.005188523655179509
188,0.005183624486480638
189,0.005176670827682242
190,0.005153262590859166
191,0.005128597734824575
192,0.005106036755670749
193,0.005093046934720965
194,0.005082179647880415
195,0.005072323143829215
196,0.0050402151511199506
197,0.00499840430212334
198,0.004969842280307008
199,0.004933940285314591
200,0.004891397414471621
201,0.004851992250463345
202,0.004813256551711859
203,0.0047794156317231325
204,0.00476024478073033
205,0.00474209678485118
206,0.004716185186961321
207,0.004681419087937392
208,0.004632599705941007
209,0.0045925283691280235
210,0.004550098539139889
211,0.004502280062576608
212,0.004449385722386024
213,0.004405389782690612
214,0.004368789787856688
215,0.004335705034362927
216,0.004290705994266357
217,0.004241150200487504
218,0.004185372769756613
219,0.004144234678468875
220,0.004099636220042352
221,0.004067597368826822
222,0.004018968949051227
223,0.0039579268874403
224,0.00388980495636781
225,0.0038169704288811297
226,0.0037390271132463214
227,0.003657640990217168
228,0.003569742396968682
229,0.003469948174345856
230,0.003360659617400913
231,0.0032408780156688057
232,0.003141117815050833
233,0.003030024994364639
234,0.0028904634380044533
235,0.002747365788107582
236,0.0025761099905165087
237,0.0024081773745607805
238,0.0022136219910653563
239,0.0019843773324279296
240,0.001748848480248896
241,0.0015312700768240575
242,0.0013289434089297305
243,0.0011400093386232883
244,0.0009603094989244393
245,0.0007841259980497796
246,0.0006178319257471456
247,0.00047348424154292415
248,0.00035797185267788826
249,0.0002542058353594498
250,0.00017103739826959606
251,0.00011516229146025553
252,7.973111711564621e-05
253,5.2493758520536746e-05
254,3.7850029141273885e-05
255,0.00011062419500644065
