,0
0,0.023126548847101344
1,0.006533264049858025
2,0.006343113298389891
3,0.0061260721845905995
4,0.005512827545655884
5,0.00501938855963684
6,0.004599900395701552
7,0.004241119741107116
8,0.0037306828757372487
9,0.00335317218048774
10,0.0030296747772077756
11,0.002916524270355796
12,0.0026637180257814514
13,0.002591354243002234
14,0.002362580573687805
15,0.002219786107587065
16,0.002102518229127886
17,0.002031722880268627
18,0.0018886325885530907
19,0.0018302116809769237
20,0.0017866415913712335
21,0.0016920313502516262
22,0.0016126440347940636
23,0.0015558194692147232
24,0.0015316027006474816
25,0.0015164858256775339
26,0.0015195761800560056
27,0.0015192859360565827
28,0.0015083757385398106
29,0.0015166886243694385
30,0.0015208301829765895
31,0.0015366373177143958
32,0.0015521690927604416
33,0.001567325039038004
34,0.001577552418940749
35,0.0015923920736804784
36,0.001610632792721139
37,0.001632871808907697
38,0.0016585900320104153
39,0.001685928784109912
40,0.0017131689276711432
41,0.0017433636063034239
42,0.001769502311097614
43,0.0018031482885691873
44,0.0018362547098879872
45,0.001870799327434697
46,0.0019118502479684725
47,0.0019498647697390535
48,0.001983032588826962
49,0.002027705977738151
50,0.002069030397425229
51,0.0021070765483495934
52,0.002147141383500714
53,0.002191513365181733
54,0.002233161518560475
55,0.002278547493701017
56,0.002318809545928668
57,0.0023689808259827736
58,0.0024156673175053456
59,0.0024571033694998938
60,0.002500422286413776
61,0.00254671062270637
62,0.0026017844215968835
63,0.0026397282429060664
64,0.002693533154568333
65,0.0027513810162994854
66,0.0028085683868781046
67,0.0028727104502121285
68,0.0029340226345517784
69,0.003004529599950072
70,0.003064677087215114
71,0.003134462163691766
72,0.0032025355447872056
73,0.003264056109434133
74,0.0033325388089902974
75,0.0034008205703930146
76,0.003473878334017007
77,0.0035519855990155755
78,0.0036252610456391347
79,0.003703734836713898
80,0.003771121679118395
81,0.0038407002358262264
82,0.003908128010076796
83,0.003971922152719204
84,0.00404422639826777
85,0.004121126173807201
86,0.0041875436756751636
87,0.004259678612224067
88,0.004337555170453864
89,0.0044105217676934216
90,0.004474081482490141
91,0.004552069673027409
92,0.004617158750436473
93,0.004682298062383899
94,0.004758018256541059
95,0.004834999895772635
96,0.004909410270855477
97,0.004968757726583648
98,0.005016780084718949
99,0.0050629270200887476
100,0.005116184933444409
101,0.005170970348873957
102,0.005221817004388259
103,0.005275670290050429
104,0.0053284853952531245
105,0.005364953809565241
106,0.005406170318021764
107,0.00545659091022922
108,0.005497223209609982
109,0.005548726635199901
110,0.005590398975578594
111,0.005634060231568719
112,0.005671483102109707
113,0.005693733281527012
114,0.005722011605547718
115,0.0057510620530284275
116,0.005770246065067213
117,0.005783909859501587
118,0.005810489511910285
119,0.005817885152280198
120,0.005832698759481518
121,0.00585668296074153
122,0.005872344973479624
123,0.005886468320913086
124,0.005893860240206082
125,0.005895971951355731
126,0.005882056984229548
127,0.005888340022601672
128,0.005903574111494464
129,0.005921050149228953
130,0.005951430881707017
131,0.0059465730157935975
132,0.005947493982330228
133,0.005949561040556888
134,0.005953218859165001
135,0.005964000679528182
136,0.005974721102122255
137,0.0059785947431914765
138,0.0059749555299679425
139,0.00596608634313942
140,0.005970826995129996
141,0.005981058096109657
142,0.005975720211274114
143,0.005976693272887565
144,0.0059701795277466675
145,0.00596207316168586
146,0.00595357236147199
147,0.005934189271818217
148,0.005915678774701169
149,0.005890721511827707
150,0.005866454508722104
151,0.005847235146452619
152,0.005840635816542662
153,0.005824155166883118
154,0.005831152652023053
155,0.005831759187560309
156,0.005841067461464881
157,0.005851579503751675
158,0.005856524814972613
159,0.005853421436824937
160,0.0058395901939293565
161,0.005826265017494308
162,0.005803064102925047
163,0.0057893519344907685
164,0.0057790482725112525
165,0.005765204005846467
166,0.005756318074171824
167,0.005740553731818548
168,0.0057118623682602026
169,0.005706505878040081
170,0.0057126512365663264
171,0.0057242293673894626
172,0.005724138201005029
173,0.0057000888808989925
174,0.005682250038165225
175,0.005668924861730177
176,0.005638268769560352
177,0.005594672632416252
178,0.0055449832318227275
179,0.005512127983195736
180,0.0054825323979468795
181,0.005441127975106114
182,0.005389202207286266
183,0.005338201127079964
184,0.005291114619788957
185,0.005246437509800851
186,0.0052003129008925475
187,0.005166940422574276
188,0.005118985043823457
189,0.005092403530876302
190,0.005039917740980644
191,0.004966102738204311
192,0.00489641999134284
193,0.0048543997302725305
194,0.004816725687039734
195,0.004757017286850742
196,0.004697606572815005
197,0.004631243026562319
198,0.004552495736334254
199,0.004480602669784869
200,0.0044232701772065385
201,0.004360877020022884
202,0.004283577228715018
203,0.004215684319849988
204,0.00416652331217849
205,0.004132205680323637
206,0.004065200248302998
207,0.004000425601893308
208,0.003933524360026307
209,0.003867216629927358
210,0.0038137968497258643
211,0.003717249788071646
212,0.0036154653106586086
213,0.003533268582129708
214,0.003451032782293193
215,0.003376453098210688
216,0.0032914450960719916
217,0.003220603233751287
218,0.003159067784796696
219,0.0030867598181712136
220,0.0030276430692118147
221,0.0029748930828551435
222,0.002888165943181403
223,0.0027783178920920888
224,0.0026853356221230914
225,0.0026015258067512434
226,0.002511875761160237
227,0.0024037133579137256
228,0.0022982822251233228
229,0.0022008886184707874
230,0.0021122786138777134
231,0.002016725079759981
232,0.0019420858584468256
233,0.0018417228324155782
234,0.0017143485090534137
235,0.0015935325837551342
236,0.0014781717572152407
237,0.0013629672159058057
238,0.001241749414300633
239,0.0010863088683019564
240,0.0009171208036383023
241,0.0007663297432457673
242,0.0006343859374311484
243,0.0005239834458813979
244,0.0004323165766020931
245,0.00035512469652478133
246,0.0002839218897432556
247,0.00023616372806896805
248,0.00018786787078036482
249,0.0001397078327991839
250,0.00010098072479925032
251,6.694031317461496e-05
252,5.4307257045883324e-05
253,7.11023377048024e-05
254,3.4230186547335e-05
255,4.6011116062376056e-05
