,0
0,0.0
1,3.344565788331061e-05
2,3.351483194304858e-05
3,3.905740347955378e-05
4,5.1396326385314955e-05
5,6.619092841177422e-05
6,8.93382981515939e-05
7,0.000115373684885474
8,0.00013303036363359195
9,0.00015801084595646795
10,0.00017566752470458592
11,0.000199074297168423
12,0.0002216596276728716
13,0.00025000369865050664
14,0.00028245497942508386
15,0.00031300397355686675
16,0.0003414690991390432
17,0.0003779757091657592
18,0.0004192207422845264
19,0.00045498373116905917
20,0.0005045988255161213
21,0.0005552255904868513
22,0.0006016932651158356
23,0.0006614250656995764
24,0.0007235174310718757
25,0.0007873737349674933
26,0.0008597298014534144
27,0.0009322501563312133
28,0.001006058878071632
29,0.0010845368488443638
30,0.0011657385482192785
31,0.0012574201176444963
32,0.0013487212297411553
33,0.0014447434714149308
34,0.0015376528804004978
35,0.0016260054482008254
36,0.0017253566914994913
37,0.0018253564416082003
38,0.001924846033026342
39,0.0020276127455245703
40,0.002127629789148214
41,0.0022319183309606775
42,0.0023516759218820456
43,0.0024485801328174807
44,0.0025606680498654008
45,0.0026564914161174295
46,0.002774078670914519
47,0.002891380582715189
48,0.002994778508508526
49,0.003121808022459849
50,0.0032333944275746685
51,0.0033584351873085245
52,0.0034693298518259645
53,0.0035923559170699523
54,0.0037082311138885264
55,0.003829086843008235
56,0.00394094129760454
57,0.004063327502795951
58,0.004205030564169191
59,0.004313495489838335
60,0.0044298721985900095
61,0.004540152943327275
62,0.004659901887491176
63,0.004788003599368438
64,0.004918690691728405
65,0.005059183207056232
66,0.005208573235817854
67,0.005345676222218519
68,0.005491201150392283
69,0.005645623591999844
70,0.005776639261143567
71,0.00593893889880379
72,0.006086417994165151
73,0.006236499763524153
74,0.006378721630345429
75,0.006532979783561111
76,0.006684185631390856
77,0.0068433551428479355
78,0.006993990304684842
79,0.00715712003106192
80,0.007294110609615511
81,0.007414923104947883
82,0.007560335625274572
83,0.007690080221070611
84,0.00781419577775547
85,0.007952275847749934
86,0.008065816420052352
87,0.008186827790806471
88,0.008304709035357447
89,0.00842611815695506
90,0.008529585256808135
91,0.008638690042529856
92,0.008740073273833323
93,0.008834374810771118
94,0.00891872392986411
95,0.009018403749946531
96,0.009110223667491224
97,0.00916833852442859
98,0.009210820043865173
99,0.0092410404612132
100,0.009311667176205672
101,0.009357598751871688
102,0.00939301587045753
103,0.009445769737765203
104,0.009464170037655505
105,0.00945495259419542
106,0.009494044584704842
107,0.009504757917206761
108,0.009512150894841257
109,0.009539768638191644
110,0.009533638087147366
111,0.009526539099266755
112,0.00951961304653549
113,0.009505319956442132
114,0.009461576010415331
115,0.00943861886933979
116,0.009389868450739454
117,0.009346651956918153
118,0.009317503737496064
119,0.009258714433476254
120,0.009208788055860371
121,0.00917970901049802
122,0.009143600151314797
123,0.009096008398215071
124,0.009020228215772119
125,0.008952195528019822
126,0.008863929427794166
127,0.00880255474329165
128,0.008739589055415158
129,0.008676191029665305
130,0.008638594928197714
131,0.008547181408253982
132,0.008469965864071468
133,0.008379901238292626
134,0.008283550419835094
135,0.00822430283766952
136,0.008126914408315918
137,0.008056996727435761
138,0.007935198501752123
139,0.007830927253454594
140,0.007744779608808414
141,0.007656911259426252
142,0.007532302837565758
143,0.007447192803815648
144,0.007355122130304404
145,0.007248896714819277
146,0.0071394460587988675
147,0.007020933600952782
148,0.006922715082882326
149,0.006806900413366023
150,0.006693351194306138
151,0.006593723254768521
152,0.0064947438220409465
153,0.00636800829784351
154,0.006259361790267554
155,0.006158445483867316
156,0.006049617394384549
157,0.0059148317389851055
158,0.005793595552536838
159,0.0056591817077084865
160,0.00552418853012983
161,0.00539422776539711
162,0.005242762514843348
163,0.005112334825207398
164,0.004978180383103064
165,0.004848193678097942
166,0.004703801475152388
167,0.004553538123886573
168,0.0044259206304274774
169,0.004294265101231178
170,0.004195467250410416
171,0.0040673050112308845
172,0.003938857429054933
173,0.0037803018373780287
174,0.003651145221089763
175,0.0035220231918313668
176,0.0033812799205369904
177,0.0032429231543035747
178,0.0031098927906699826
179,0.0029789549423434643
180,0.002854493515359914
181,0.0027304903665221277
182,0.002590084318768974
183,0.0024540535302942476
184,0.0023299812073967236
185,0.0022190692493643488
186,0.002117080745038173
187,0.0020070853432973264
188,0.0018974444586126369
189,0.0017990789456652375
190,0.001704111608402466
191,0.001601215194542229
192,0.0014838095216519519
193,0.0013998927404323218
194,0.0013270438087707676
195,0.0012316095466047648
196,0.0011470269650601566
197,0.0010715667126434936
198,0.0009869063102816804
199,0.0009163401225914793
200,0.0008592888168225849
201,0.0007851169312685419
202,0.0007235174310718757
203,0.000667962014344815
204,0.0006094580533214231
205,0.0005587707610484224
206,0.0005170933900562929
207,0.0004757964763927222
208,0.00043475031869570163
209,0.0003942834937489867
210,0.0003565231038895199
211,0.00032325902791302145
212,0.0002894415594586192
213,0.00025872827693495864
214,0.0002355895539526062
215,0.00020568041987339953
216,0.00018885382984213728
217,0.0001701768337128842
218,0.0001586334124941097
219,0.0001447553667591786
220,0.0001294333125272173
221,0.000112010096230715
222,0.00010204038487097944
223,9.200149945150591e-05
224,7.984415845255692e-05
225,6.675296764714526e-05
226,5.547759590985544e-05
227,4.801544421562146e-05
228,3.87288266957984e-05
229,3.030688492270002e-05
230,2.4409796330037704e-05
231,1.945520430130529e-05
232,1.8253305013357988e-05
233,1.7587504688379985e-05
234,1.7336748721829827e-05
235,1.557281019851148e-05
236,1.2615619144713075e-05
237,1.0773859804189507e-05
238,9.883243785063088e-06
239,8.482469075369108e-06
240,6.165138074146966e-06
241,6.632062977378293e-06
242,6.1305510442779785e-06
243,3.303061352488276e-06
244,1.9368736726632825e-06
245,1.8331125830563208e-06
246,2.161689366811699e-06
247,2.4124453333618563e-06
248,3.0004248411346383e-06
249,2.5507934528378047e-06
250,2.3865050609601157e-06
251,2.204923154147933e-06
252,2.153042609344452e-06
253,1.2191928028817982e-06
254,8.646757467246796e-08
255,1.2105460454145516e-07
