,0
0,0.0
1,1.697832498099762e-05
2,2.072027279340347e-05
3,2.8086414815726865e-05
4,3.622885836556569e-05
5,4.481614885813808e-05
6,5.394423367324931e-05
7,6.558003409690758e-05
8,8.103192349009397e-05
9,9.773549006528556e-05
10,0.00011798038720419924
11,0.00014537772538314274
12,0.00017941287774679685
13,0.00022303404560190557
14,0.0002735983147592871
15,0.0003326452045403626
16,0.000406577021924866
17,0.000490413225651996
18,0.0005831071170329679
19,0.0006868567633142298
20,0.0008055742008451149
21,0.000930222930945781
22,0.0010701883518589989
23,0.0012225527909897804
24,0.0013843636857868453
25,0.00156092867085124
26,0.0017445283433531764
27,0.0019428341324325398
28,0.0021492082239046198
29,0.002354810375093721
30,0.002586780610751127
31,0.0028087941251314676
32,0.003045361112530454
33,0.0032784347430556207
34,0.003517500723574081
35,0.0037548701799678024
36,0.003999531637226725
37,0.004227886401163287
38,0.004466529340961697
39,0.004699293323124765
40,0.004930408754852997
41,0.005161602688982888
42,0.0053855395122038695
43,0.0056054639904511774
44,0.005833229986375298
45,0.0060343880293815995
46,0.006224311506461611
47,0.006427781009072313
48,0.006606360889112619
49,0.006787588044586642
50,0.006960371830637802
51,0.0071288641520649435
52,0.0072771072151086354
53,0.007430234872033322
54,0.0075667331035399405
55,0.0077149674440945585
56,0.007854932865007776
57,0.007958822071114209
58,0.0080702126178236
59,0.008174873764213013
60,0.00828148002566575
61,0.008356153254621475
62,0.008445083391967359
63,0.008533651546016704
64,0.008602384759913576
65,0.008703365015914094
66,0.008791680217780316
67,0.008864696173812133
68,0.008955745876002804
69,0.009014260693950414
70,0.00907284529181061
71,0.00913921907241318
72,0.009209369690784447
73,0.00927123394453617
74,0.009337507416514396
75,0.009388001905759193
76,0.00944463266606699
77,0.009483691972136811
78,0.009520400567401404
79,0.009558369562337073
80,0.00957954776580682
81,0.0096009920051933
82,0.009608087750054355
83,0.009608680879311332
84,0.009619775885412452
85,0.009626278501016527
86,0.009638066944998967
87,0.00963043476705991
88,0.009617551650698783
89,0.009600167729975882
90,0.009574466915921677
91,0.00954291331169935
92,0.009488249472677561
93,0.009442718079715421
94,0.009406092348097025
95,0.009352043444554895
96,0.00928472763513242
97,0.009227686917838183
98,0.009145917944021403
99,0.009079025175318977
100,0.00900330088642993
101,0.008913140878124726
102,0.00882189055868537
103,0.008763676666610785
104,0.008668060741390288
105,0.008582811494433299
106,0.008483902829587667
107,0.008391025765936158
108,0.00829664407291952
109,0.008186553177082037
110,0.008079188059079931
111,0.007960488066527192
112,0.007857645559109543
113,0.007749482333357239
114,0.007633464506194511
115,0.007528375957840512
116,0.007416802238860583
117,0.007303545079489526
118,0.00721501617664101
119,0.007088557530057654
120,0.006980625450265789
121,0.006868550188164151
122,0.006730486269868893
123,0.006627940327079733
124,0.006508097688458404
125,0.0063848489178539875
126,0.006275804720705289
127,0.006175565876275994
128,0.006069657413949113
129,0.005988608045480872
130,0.005904165628763155
131,0.005809413229960906
132,0.005731944443257217
133,0.005653577240178988
134,0.00555461187915438
135,0.005463339753492341
136,0.0053688882805631175
137,0.005277598709922932
138,0.005182431992889706
139,0.005086920737538088
140,0.005006185378676483
141,0.004900721763292337
142,0.004817286794062574
143,0.004722120077029348
144,0.00463722845212436
145,0.004537076832585796
146,0.004447850130611423
147,0.00435323293038981
148,0.004259221943158783
149,0.004164844611386683
150,0.004064583960734704
151,0.003970106320338261
152,0.0038754411464267443
153,0.003795080854595287
154,0.0037086802390806344
155,0.0036232390973640343
156,0.003540161750186273
157,0.0034507780434085834
158,0.0033575477189496093
159,0.0032678020288753815
160,0.003171854649070103
161,0.0030857636819175494
162,0.002997893326994061
163,0.0029019459471887827
164,0.0028125011829875806
165,0.0027291141874477205
166,0.0026432151150547773
167,0.002556500489933489
168,0.0024645349263901295
169,0.0023880823096634695
170,0.0023039669862859966
171,0.0022318276404060373
172,0.0021585630934356343
173,0.002088809348317197
174,0.0020086758412016436
175,0.0019364710766536352
176,0.0018669571999847111
177,0.001791791150396349
178,0.0017163198136904245
179,0.001656095387884466
180,0.0015876761835942298
181,0.0015161604956830047
182,0.001452285708199909
183,0.0013838883101323556
184,0.0013290718275517856
185,0.0012700336602597833
186,0.0012137648832485242
187,0.0011588655370217587
188,0.0011048515234359237
189,0.0010534280891048313
190,0.001005018274748532
191,0.0009530627685839739
192,0.0009062622534616811
193,0.0008596274656317794
194,0.0008161763863135982
195,0.0007671385527440278
196,0.0007263914450385409
197,0.0006815665736913297
198,0.000640706073627891
199,0.0006077481486647779
200,0.0005672845218541702
201,0.0005339384461272995
202,0.0005031567821879516
203,0.00047436820700183155
204,0.000443176586076043
205,0.0004150116688586572
206,0.0003890448188877197
207,0.0003640025527585421
208,0.00033784816927253064
209,0.00031284515434418247
210,0.00029207254661633975
211,0.00026658107229989204
212,0.00024780591456981374
213,0.00022573801721459977
214,0.00021193467825624953
215,0.00019345608515466029
216,0.00017784719095815618
217,0.00016143146652238043
218,0.00014517274688992239
219,0.00012878318992136625
220,0.00011501910216384544
221,0.00010185686615237592
222,8.898247228032224e-05
223,7.769121017505565e-05
224,6.630400068998378e-05
225,5.668745648677295e-05
226,4.768148651868662e-05
227,3.9905387509922484e-05
228,3.359466666545715e-05
229,2.7275223331918604e-05
230,2.182802890570077e-05
231,1.833903327641793e-05
232,1.4601446708548686e-05
233,1.1858223895025054e-05
234,8.792268985792758e-06
235,6.951823791346059e-06
236,5.70014660934084e-06
237,4.34816080299374e-06
238,3.3450745595749233e-06
239,2.5251605866934557e-06
240,1.853528928056509e-06
241,1.33890207273729e-06
242,1.2342322038588048e-06
243,9.551125535161775e-07
244,7.152441040029822e-07
245,5.538780561486509e-07
246,4.797368990263905e-07
247,4.1867947551394083e-07
248,3.445383183916805e-07
249,3.1400960663545565e-07
250,2.703971612694201e-07
251,1.7881102600074556e-07
252,1.8753351507395265e-07
253,1.7008853692753847e-07
254,1.3519858063471006e-07
255,3.0528711756224853e-07
