,0
0,0.0
1,0.00011443090206257146
2,7.553654194090576e-05
3,6.775513937915415e-05
4,6.569275138311268e-05
5,7.09309638393162e-05
6,7.849727072049904e-05
7,8.96822461100737e-05
8,0.00010606747589457502
9,0.00011742958890344159
10,0.00013305565746240616
11,0.00015971486916583808
12,0.00018787975063325118
13,0.00021004725841892403
14,0.00023251843069481155
15,0.0002570393382796483
16,0.00028138310824519315
17,0.0003055244352172615
18,0.000332120383485232
19,0.0003526303892618163
20,0.00038641306379820126
21,0.0004105290853960851
22,0.0004437929997616866
23,0.0004824090007673222
24,0.0005263517830388073
25,0.0005787845183492115
26,0.0006273328787222861
27,0.0006828022589348374
28,0.0007485582737534114
29,0.0008107715361861473
30,0.0008846885341792414
31,0.0009627682662256953
32,0.0010547786067607483
33,0.0011574425098275002
34,0.0012641679254508738
35,0.0013824325917024057
36,0.0014763661406754852
37,0.0015880134515777553
38,0.0017238527002004628
39,0.00183781545284062
40,0.0019850041617851017
41,0.0021216658350688075
42,0.002264666504585745
43,0.002411134010365967
44,0.002558322719310449
45,0.0027378643491498883
46,0.0028801944262509347
47,0.0030580659013941932
48,0.003214086185929086
49,0.0033840623843267624
50,0.0035493191304390185
51,0.0037184222934273274
52,0.003875935595039109
53,0.004062132538289087
54,0.004210143671894567
55,0.004379955385360044
56,0.004532660665876759
57,0.00469582971861879
58,0.004850685955941193
59,0.004989738987085339
60,0.005154666763333196
61,0.005283698866300257
62,0.005433342196540641
63,0.005576494698302686
64,0.005701515899461496
65,0.00586343233618139
66,0.00600939373447792
67,0.006172676661403782
68,0.006336756707616456
69,0.006484489482105906
70,0.006623441291753314
71,0.006769592480356229
72,0.006896536889953064
73,0.007042321150630303
74,0.007183537791267229
75,0.007299044171732645
76,0.0074164864133231785
77,0.007506459671236375
78,0.00761891675411255
79,0.007686633935430428
80,0.007775772115995534
81,0.007832506764917313
82,0.007887039846285035
83,0.00800343191484691
84,0.008074400836747504
85,0.00811879911575431
86,0.0081978024939585
87,0.008239961247349974
88,0.008309070224248002
89,0.008351115103455644
90,0.008406748968600396
91,0.008427689165738118
92,0.008467203507527304
93,0.008499607039170631
94,0.008538716494972867
95,0.008549028434953074
96,0.008590908829228517
97,0.008632030062278424
98,0.008664167887492812
99,0.008717195299096554
100,0.008774119738324718
101,0.00882516067805497
102,0.008857728694630498
103,0.008917677126073715
104,0.008948283976149938
105,0.00899654132471989
106,0.009025541283535393
107,0.009051909483435703
108,0.00908003640684184
109,0.00913478458389013
110,0.009153928099460749
111,0.009194960763701009
112,0.009214914051245533
113,0.009225909236328725
114,0.009234297967870906
115,0.00924309158540004
116,0.009245824565811972
117,0.009247848995746736
118,0.009216925828493205
119,0.009216925828493205
120,0.009168567258426515
121,0.009137327773995679
122,0.00908359181191477
123,0.009058931724771917
124,0.008992011662740855
125,0.008966326707943529
126,0.008929735136872657
127,0.00886662353365637
128,0.00879023926168028
129,0.008744132869916016
130,0.008660523913610236
131,0.008585278383472453
132,0.008522571666243118
133,0.008438709656195493
134,0.008308032703906435
135,0.008241365695617217
136,0.008153011981651833
137,0.008033773058494195
138,0.00791454678802365
139,0.007809947023831779
140,0.007702449794295777
141,0.007565408540399303
142,0.007464288265157808
143,0.00733949481236666
144,0.007212360612463441
145,0.0070894903681103195
146,0.006983701251331774
147,0.006850607635808091
148,0.00674733640376091
149,0.006582788208125821
150,0.0064694833952144625
151,0.006326533336445894
152,0.006206927485362581
153,0.006086878790231037
154,0.005963173468529826
155,0.005826537100620304
156,0.005683321335422798
157,0.005551746042350188
158,0.005413363603621933
159,0.005279346341940513
160,0.005147771048867904
161,0.005016904306272462
162,0.0048850886121450995
163,0.004748060010935718
164,0.004625759137501749
165,0.0044951960593965215
166,0.004362785688975821
167,0.004225440770589133
168,0.004085211039545404
169,0.00395888661161609
170,0.003829044736675123
171,0.003716903970976254
172,0.003569563429786665
173,0.003430725494323087
174,0.0032805507512248277
175,0.0031733571861790395
176,0.003037239578440302
177,0.002920898120626796
178,0.002815994691944711
179,0.0026978312471899173
180,0.0025917637712953422
181,0.0024787373175000136
182,0.0023719865965024555
183,0.002280975818247693
184,0.0021720867931315393
185,0.002068815561084358
186,0.001984915592975456
187,0.0018933734018628172
188,0.001815685903116224
189,0.0017368976205926025
190,0.0016692310500230944
191,0.0016011595934666333
192,0.0015153870276680738
193,0.0014538696630254132
194,0.0013819138315316222
195,0.0013214719452918054
196,0.0012563865228891222
197,0.0011968682828070417
198,0.0011406397413689538
199,0.0010691267539233926
200,0.0010062682044489504
201,0.0009531269186613786
202,0.0009014533445765111
203,0.0008345332825454474
204,0.0007809238473354611
205,0.0007216713136823185
206,0.0006810308827419183
207,0.0006294205720925121
208,0.0005912980258834755
209,0.0005556174482832486
210,0.0005254534422552555
211,0.0004983766918777783
212,0.00047491861000869304
213,0.0004423252880589823
214,0.0004154762860491662
215,0.0003859702197499715
216,0.00036268927550017814
217,0.00033020982773429786
218,0.0003007037614351032
219,0.00026876837921419093
220,0.0002428050653008344
221,0.00022811529558669846
222,0.00020971828855452477
223,0.00019282695128633226
224,0.000176580901059846
225,0.00016454819563508865
226,0.00015386932772920516
227,0.00014117868257564932
228,0.00012379389051085792
229,0.00011284931617603658
230,9.469271019861619e-05
231,8.626602059515835e-05
232,7.68903794597796e-05
233,7.118401758116177e-05
234,6.818533074029164e-05
235,5.774686388916145e-05
236,5.3799225516370394e-05
237,4.5423146661281686e-05
238,4.015962883089361e-05
239,3.74519537931459e-05
240,3.4832847565044144e-05
241,3.246679507878797e-05
242,3.136601130175969e-05
243,2.7785300854644727e-05
244,2.554577523931134e-05
245,2.2382603466241588e-05
246,1.948513812210969e-05
247,1.576524811697966e-05
248,1.4297536414275293e-05
249,1.110905926702098e-05
250,8.920144400056708e-06
251,6.769187594369276e-06
252,5.212907082018956e-06
253,4.808021095066027e-06
254,5.605140381879606e-06
255,2.339481843362391e-05
