,0
0,0.029425111605629325
1,0.004273940779700649
2,0.002844797151899768
3,0.0023796530556913055
4,0.0021462504428441287
5,0.002002882904142843
6,0.0020123763983555054
7,0.0016544602211394559
8,0.0014634303302619904
9,0.0013112436478655927
10,0.001261100428189069
11,0.001169128916318471
12,0.001150708011125769
13,0.001044333857008786
14,0.0009942525043522212
15,0.0009738889747328162
16,0.000946175643142318
17,0.0009259141941058449
18,0.0009260317414437664
19,0.0009349189388608331
20,0.0009381205571436957
21,0.0009430080517204327
22,0.0009627838446502301
23,0.0009682745426715645
24,0.000996631291269633
25,0.000999904056625448
26,0.0010305096713990154
27,0.0011353804569310018
28,0.0010231505893749282
29,0.0010275555211959875
30,0.001083873069464389
31,0.0010619102773790517
32,0.0010919714623769824
33,0.0011131701967658297
34,0.0012295142211491566
35,0.0011546551269991337
36,0.0011752661246983735
37,0.0012266838049860463
38,0.0012319022881195623
39,0.0012545363373714514
40,0.001290496542722444
41,0.00133149891020007
42,0.0013664939900397068
43,0.0014011395212165769
44,0.001443564830153253
45,0.001497481938047257
46,0.001564753042199346
47,0.0015931190708504083
48,0.0016329892718627901
49,0.001718204905153899
50,0.0017617500071518276
51,0.001815218579151131
52,0.0018539906405592463
53,0.001913806768806312
54,0.0019517498121469805
55,0.002003897523270166
56,0.0020821036231999544
57,0.0021289833575736565
58,0.0021966256638454975
59,0.0022222602635653837
60,0.002255362212594284
61,0.0022994950512818203
62,0.0023459664633237952
63,0.0023961715500202775
64,0.002446617918094599
65,0.0025068176218654083
66,0.002563326957895682
67,0.002622116093611433
68,0.0026758723472535446
69,0.0027195009697284175
70,0.0027715466002686713
71,0.002834861308494401
72,0.002894825917589368
73,0.00295072277012205
74,0.003010359484011236
75,0.003061483295954105
76,0.0031132319647985567
77,0.003167708969223187
78,0.0032168592232293732
79,0.0032643205075906876
80,0.0033074077936409217
81,0.0033511384966987265
82,0.0033955466436250787
83,0.0034528416908088276
84,0.00349269642506622
85,0.003530144532247219
86,0.0035730214704295937
87,0.003614735308636745
88,0.003666459230673213
89,0.003709125820987728
90,0.0037577161784632888
91,0.0037901035634116662
92,0.00383292172792508
93,0.0038782888136607925
94,0.003925607803876201
95,0.003972382364315974
96,0.004020264344413008
97,0.004076897414483198
98,0.004130146358561649
99,0.004190290382014495
100,0.004267166341015171
101,0.0043332062914700825
102,0.004514377672717129
103,0.004447456117227807
104,0.004491629169478316
105,0.004556209058262202
106,0.004626953995584972
107,0.0046955304938581886
108,0.004764286406489286
109,0.004849805188178192
110,0.004937037686319955
111,0.005022361586895991
112,0.0050697640975883446
113,0.0050999335498712025
114,0.005137635311834032
115,0.005166533396856739
116,0.005191713273979929
117,0.005224672928862925
118,0.005251186040266224
119,0.005289289937858785
120,0.005330214971561463
121,0.005362719903847762
122,0.005396759138229037
123,0.005440301146875968
124,0.0054734123759578625
125,0.005507439236935145
126,0.0055488994203604656
127,0.005581364139083792
128,0.005618886486688741
129,0.005649111619289562
130,0.005687852747187698
131,0.005726977450609579
132,0.005768252032975023
133,0.005803445087278527
134,0.0058368594647582196
135,0.0058813356654065264
136,0.0059135931296129905
137,0.0059342598076301935
138,0.005963788936256479
139,0.005990605196057576
140,0.006015741766266795
141,0.006031861218317033
142,0.006052846511487023
143,0.0060767890482110384
144,0.00609913541582012
145,0.006119455638525554
146,0.006153139137542066
147,0.006170000993831809
148,0.006183218882645984
149,0.006193671315668006
150,0.006220670083177981
151,0.006247891571959808
152,0.00627739595377811
153,0.006314896647926074
154,0.006339256787034811
155,0.0063487471878964745
156,0.006365881259074036
157,0.00638458365920755
158,0.00640363560800383
159,0.006415059353239203
160,0.006406954773624614
161,0.006416980324208921
162,0.00645123918651105
163,0.006447013669047871
164,0.006460881161571613
165,0.00645712583346012
166,0.006464562249259155
167,0.006469279609531005
168,0.006492102353193769
169,0.0064901071418001005
170,0.006506619449427077
171,0.006516892468091218
172,0.006523552452789772
173,0.006509545759471123
174,0.006489726659627355
175,0.0064699663334525466
176,0.006443737810341058
177,0.006412986808070588
178,0.006400239108608098
179,0.006340497220784983
180,0.00631147230837136
181,0.006258736860558567
182,0.006257781015100205
183,0.006217712839623956
184,0.0061684605050348375
185,0.006080661923660453
186,0.006066924351878624
187,0.0060111543267368575
188,0.005990611382759572
189,0.005929891996021109
190,0.005918737372322556
191,0.005857380755278519
192,0.00582277853101562
193,0.005766445515992228
194,0.0057402757665497
195,0.0057154825583012525
196,0.005732551669107857
197,0.0057119128312496355
198,0.005649615835502226
199,0.005586328967435477
200,0.005497020830774101
201,0.00549258805879406
202,0.005376516249298552
203,0.0053097493613591265
204,0.005242892766240761
205,0.0051574451316248075
206,0.005082672651302726
207,0.004992649950560827
208,0.0048815769962779814
209,0.004747075001536777
210,0.00462756957243356
211,0.004482630611425324
212,0.004329673684630441
213,0.004142686803507276
214,0.003983014211695876
215,0.0037837467271109103
216,0.00363460390209648
217,0.003500432895912055
218,0.003373605504996727
219,0.003232214617583122
220,0.0031202105646498976
221,0.0030130847262404164
222,0.0029213761492046424
223,0.0028399251240780205
224,0.0027814020165480915
225,0.0027168963681881565
226,0.002612409158179914
227,0.0025160636479982356
228,0.002435317906899143
229,0.0023652163865839435
230,0.0022867690052763164
231,0.0022036939708757787
232,0.002153974540285972
233,0.0020924416022350526
234,0.0020670018836280364
235,0.002016190500135959
236,0.001958323183017592
237,0.0019306315048840796
238,0.001912903510314915
239,0.0018950363149508435
240,0.0018646596081511235
241,0.001868099414460827
242,0.0018946836729370788
243,0.0019058135498276484
244,0.0019078427880822935
245,0.001882907285687941
246,0.0018933968389219379
247,0.0019049876251111997
248,0.0018951105553747939
249,0.0018901890339370795
250,0.001990135204680354
251,0.0021825880370168692
252,0.002217221194789748
253,0.0021014061334270677
254,0.0018593235776796857
255,0.0032563365686650177
